1
[[100  52 175 202]]
26
[[190   2 296 215]
 [100  49 176 201]]
29
[[181   1 289 217]
 [101  51 176 201]]
32
[[172   0 278 212]
 [ 99  48 176 201]]
37
[[161  24 265 233]
 [ 99  51 174 200]]
41
[[152  23 260 239]
 [ 99  50 174 200]]
44
[[143  18 253 238]
 [100  42 180 201]]
51
[[127  17 238 240]
 [100  49 174 198]]
58
[[106  72 192 240]]
65
[[ 92  44 188 235]]
70
[[ 86  93 160 240]]
76
[[ 61  55 152 237]
 [104  45 180 196]]
86
[[ 33  10 138 220]
 [103  47 176 193]]
91
[[ 18  11 131 237]
 [ 98  44 177 201]]
97
[[  9  37 112 240]
 [100  52 173 198]]
105
[[  8  88  85 240]
 [ 99  44 176 197]]
111
[[  0  32  94 240]
 [100  45 177 198]]
119
[[100  51 175 201]]
119
[[101  50 175 198]]
119
[[101  49 175 197]]
119
[[101  49 176 198]]
119
[[101  49 176 198]]
119
[[101  49 176 198]]
119
[[101  49 176 198]]
119
[[101  49 176 198]]
119
[[101  49 176 198]]
119
[[101  49 176 198]]
119
[[101  49 176 198]]
119
[[101  49 176 198]]
119
[[101  49 176 198]]
119
[[101  49 176 198]]
119
[[101  49 176 198]]
119
[[101  49 176 198]]
119
[[101  49 176 198]]
119
[[101  49 176 198]]
119
[[101  49 176 198]]
