1
[[110 105 225 339]
 [ 49  84 131 248]]
3
[[145 210 225 388]
 [110 111 225 340]
 [ 48  85 129 248]]
3
[[106  87 225 343]
 [ 50  91 126 244]]
4
[[145 210 225 388]
 [112 115 224 338]
 [ 47  85 129 248]]
5
[[146 210 225 390]
 [111 113 224 339]
 [ 46  85 128 248]]
6
[[113 119 222 338]
 [ 46  83 128 247]]
6
[[116 116 223 330]
 [ 48  88 126 243]]
7
[[114 121 222 336]
 [ 47  85 128 246]]
8
[[113 117 224 338]
 [ 46  85 127 247]]
9
[[114 120 222 336]
 [ 46  85 127 247]]
9
[[118 125 221 331]
 [ 48  90 125 244]]
10
[[116 124 222 335]
 [ 46  85 127 246]]
11
[[114 121 222 336]
 [ 45  84 127 247]]
12
[[115 123 221 335]
 [ 46  86 127 247]]
13
[[116 124 222 336]
 [ 46  87 126 247]]
13
[[118 126 222 333]
 [ 48  90 124 242]]
14
[[115 123 222 336]
 [ 45  86 126 247]]
15
[[114 123 221 337]
 [ 45  85 126 247]]
16
[[114 123 221 338]
 [ 44  85 126 248]]
17
[[114 123 221 336]
 [ 44  85 125 246]]
17
[[117 125 222 334]
 [ 46  90 123 244]]
18
[[115 125 221 336]
 [ 44  84 125 246]]
19
[[115 124 221 336]
 [ 44  85 125 246]]
20
[[116 124 222 336]
 [ 44  83 125 245]]
20
[[119 128 221 332]
 [ 46  88 123 241]]
21
[[116 123 223 336]
 [ 44  82 125 244]]
22
[[117 125 222 335]
 [ 44  82 125 244]]
23
[[119 128 223 335]
 [ 45  84 125 244]]
24
[[118 126 223 336]
 [ 45  83 126 244]]
25
[[118 124 224 335]
 [ 46  84 126 243]]
25
[[122 129 223 331]
 [ 48  89 123 240]]
26
[[118 125 224 336]
 [ 44  84 125 246]]
27
[[117 124 223 337]
 [ 44  83 125 246]]
28
[[117 122 224 337]
 [ 44  83 125 245]]
29
[[115 116 225 340]
 [ 44  85 125 246]]
29
[[118 115 225 335]
 [ 47  88 124 241]]
30
[[114 118 225 346]
 [ 44  84 125 245]]
31
[[113 117 225 349]
 [ 44  84 125 246]]
32
[[110 112 225 356]
 [ 42  82 123 244]]
32
[[112 102 225 345]
 [ 44  86 121 240]]
33
[[110 112 225 355]
 [ 41  81 122 242]]
34
[[109 114 225 358]
 [ 41  81 122 242]]
35
[[108 116 225 362]
 [ 42  83 122 242]]
35
[[109 103 225 360]
 [ 44  88 120 239]]
36
[[107 114 225 365]
 [ 41  83 121 242]]
37
[[107 117 225 367]
 [ 40  82 121 245]]
38
[[105 115 225 374]
 [ 41  85 120 243]]
39
[[104 112 225 372]
 [ 39  82 120 243]]
40
[[103 113 225 376]
 [ 40  85 119 242]]
40
[[109 104 225 356]
 [ 42  89 117 239]]
41
[[105 116 225 372]
 [ 40  84 120 244]]
42
[[104 115 225 373]
 [ 40  85 119 242]]
43
[[102 113 225 375]
 [ 40  82 120 242]]
44
[[100 111 225 373]
 [ 38  80 119 242]]
44
[[100 106 225 374]
 [ 40  86 116 238]]
45
[[100 115 225 372]
 [ 38  79 119 241]]
46
[[101 114 225 376]
 [ 40  80 120 240]]
47
[[100 111 225 375]
 [ 40  79 120 240]]
48
[[100 109 225 373]
 [ 40  78 120 238]]
48
[[103 105 225 365]
 [ 41  82 117 235]]
49
[[101 110 225 372]
 [ 40  76 120 237]]
50
[[101 108 225 371]
 [ 39  74 121 237]]
51
[[100 104 225 370]
 [ 38  73 120 237]]
51
[[100  99 225 367]
 [ 41  79 118 232]]
52
[[ 99 105 225 370]
 [ 37  72 119 235]]
53
[[100 106 225 369]
 [ 39  74 120 236]]
54
[[ 99 108 225 375]
 [ 38  72 120 236]]
55
[[ 99 109 225 375]
 [ 38  74 119 235]]
56
[[ 98 109 225 380]
 [ 37  75 118 237]]
56
[[ 97 104 225 381]
 [ 39  80 115 233]]
57
[[ 99 112 225 376]
 [ 37  74 119 237]]
58
[[101 114 225 377]
 [ 37  76 117 237]]
59
[[102 112 225 377]
 [ 37  75 118 237]]
59
[[100 110 225 379]
 [ 40  82 116 233]]
60
[[102 114 225 378]
 [ 36  76 117 238]]
61
[[103 116 225 378]
 [ 36  78 116 239]]
62
[[104 117 225 379]
 [ 36  78 117 239]]
63
[[110 118 225 376]
 [ 37  76 118 238]]
64
[[109 114 225 376]
 [ 36  74 117 236]]
64
[[ 78 202 182 400]
 [ 39  80 115 232]]
65
[[110 116 225 372]
 [ 37  74 118 236]]
66
[[ 38  73 120 236]]
66
[[ 40  79 117 233]]
67
[[ 38  75 119 237]]
67
[[ 41  81 117 233]]
68
[[ 38  74 120 237]]
68
[[ 40  79 117 233]]
69
[[ 38  75 119 236]]
70
[[ 37  74 118 236]]
71
[[ 37  74 118 236]]
71
[[ 40  80 116 232]]
72
[[ 36  73 117 236]]
73
[[ 36  71 117 233]]
73
[[ 38  78 115 231]]
74
[[ 35  72 116 233]]
75
[[127 178 225 400]
 [ 35  70 116 233]]
76
[[125 179 225 400]
 [ 35  71 116 232]]
77
[[ 35  70 116 233]]
77
[[ 38  76 114 228]]
78
[[ 36  70 118 233]]
79
[[ 35  67 118 232]]
79
[[ 38  74 115 228]]
80
[[ 34  68 117 233]]
81
[[ 35  70 115 230]]
82
[[ 35  69 116 231]]
83
[[ 33  70 114 231]]
84
[[ 34  71 114 231]]
84
[[ 37  77 112 228]]
85
[[ 35  68 116 230]]
86
[[106 125 202 317]
 [ 35  69 115 230]]
87
[[106 127 201 317]
 [ 35  69 116 230]]
88
[[103 130 198 320]
 [ 34  68 115 230]]
89
[[ 35  68 117 231]]
89
[[ 38  74 114 226]]
90
[[ 35  68 117 231]]
91
[[143 143 225 314]
 [ 35  68 117 231]]
92
[[143 146 225 313]
 [ 35  67 117 231]]
92
[[142 145 225 312]
 [ 37  73 114 227]]
93
[[140 146 220 305]
 [ 35  68 117 232]]
94
[[135 147 215 306]
 [ 36  68 118 231]]
95
[[130 149 210 308]
 [ 36  68 118 232]]
96
[[121 145 207 317]
 [ 37  68 118 231]]
96
[[114 141 207 327]
 [ 39  74 116 228]]
97
[[ 91 124 211 364]
 [ 37  68 118 231]]
98
[[ 87 120 210 365]
 [ 37  67 119 231]]
99
[[ 92 125 202 345]
 [ 39  68 119 229]]
100
[[ 90 128 198 343]
 [ 39  67 120 228]]
101
[[ 93 138 186 324]
 [ 39  65 120 227]]
101
[[ 95 144 187 328]
 [ 41  71 118 225]]
102
[[ 87 138 181 326]
 [ 41  68 120 226]]
103
[[ 90 147 174 314]
 [ 41  68 120 226]]
104
[[ 88 152 166 308]
 [ 42  68 121 227]]
104
[[ 42  66 122 225]]
105
[[ 84 155 161 309]
 [ 43  70 121 226]]
106
[[ 82 160 153 302]
 [ 43  68 122 226]]
107
[[ 80 164 147 297]
 [135 147 208 293]
 [ 43  66 123 226]]
108
[[ 72 164 142 304]
 [130 150 204 296]
 [ 44  67 124 227]]
109
[[ 69 166 136 300]
 [122 155 194 300]
 [ 44  66 125 228]]
109
[[124 158 194 297]
 [ 44  66 126 230]]
110
[[ 66 167 134 303]
 [117 160 188 301]
 [ 44  68 124 227]]
111
[[110 161 182 305]
 [ 43  68 122 227]]
112
[]
113
[]
113
[]
114
[]
115
[]
116
[]
116
[]
117
[]
118
[]
119
[]
119
[]
120
[]
121
[[102 184 201 383]
 [ 61  68 137 219]]
122
[[ 57  65 142 235]]
122
[[ 59  66 139 227]]
123
[[ 57  66 141 234]]
124
[[ 59  68 141 232]]
125
[[ 74 200 170 392]
 [ 62  69 142 228]]
126
[[ 67 202 163 393]
 [ 63  68 142 227]]
126
[[ 70 211 160 390]
 [ 63  70 140 223]]
127
[[ 63 209 155 393]
 [ 63  68 142 226]]
128
[[  8  28 202 400]]
129
[[  4  32 194 400]]
129
[[  6  30 198 400]]
130
[[ 65  67 145 226]]
131
[[ 65  67 145 226]]
132
[[ 65  65 146 226]]
132
[[ 68  71 145 224]]
133
[[ 66  66 146 226]]
134
[[ 65  65 146 227]]
135
[[ 67  65 148 226]]
135
[[ 69  69 146 223]]
136
[[  0 206  61 336]
 [ 67  63 149 226]]
137
[[ 68  63 150 226]]
138
[[ 69  64 150 226]]
139
[[ 68  64 149 226]]
140
[[ 69  64 151 227]]
140
[[ 73  71 150 224]]
141
[[ 69  65 150 228]]
142
[[ 69  66 150 229]]
143
[[ 69  64 151 229]]
144
[[ 70  66 151 228]]
144
[[ 73  72 149 225]]
145
[[ 71  67 152 229]]
146
[[ 71  65 153 229]]
146
[[ 74  70 152 225]]
147
[[ 70  64 153 229]]
148
[[ 71  66 153 229]]
149
[[ 71  65 153 229]]
149
[[ 74  69 152 225]]
150
[[ 71  66 152 228]]
151
[[ 71  64 153 228]]
152
[[ 73  66 155 229]]
152
[[ 76  72 152 224]]
153
[[ 73  64 155 228]]
154
[[ 75  65 156 227]]
154
[[ 79  72 155 224]]
155
[[ 76  65 157 227]]
156
[[ 76  63 158 228]]
156
[[ 79  69 157 224]]
157
[[ 76  62 159 227]]
158
[[ 76  62 159 228]]
159
[[ 76  63 159 228]]
160
[[ 77  66 158 227]]
161
[[ 77  66 158 228]]
161
[[ 80  71 157 224]]
162
[[ 77  65 158 227]]
163
[[ 77  65 159 228]]
164
[[ 77  65 158 228]]
164
[[ 80  71 157 225]]
165
[[ 77  66 158 228]]
166
[[ 77  68 157 228]]
167
[[ 77  68 158 229]]
168
[[ 77  68 158 229]]
169
[[ 78  68 158 228]]
169
[[ 81  74 156 225]]
170
[[ 77  67 158 229]]
171
[[ 79  67 160 228]]
172
[[ 79  67 160 229]]
173
[[ 80  66 161 227]]
173
[[ 83  71 159 224]]
174
[[ 81  68 161 228]]
175
[[ 81  68 161 227]]
176
[[ 81  66 163 229]]
177
[[ 81  67 161 228]]
177
[[ 84  72 160 224]]
178
[[ 82  67 162 227]]
179
[[ 82  66 164 229]]
180
[[ 83  68 163 228]]
181
[[ 83  68 163 227]]
181
[[ 85  72 161 225]]
182
[[ 83  66 164 227]]
183
[[ 83  66 164 227]]
184
[[ 84  67 164 227]]
184
[[ 87  73 163 224]]
185
[[ 84  67 165 229]]
186
[[ 82  68 163 229]]
187
[[ 83  68 163 227]]
188
[[ 84  68 163 226]]
188
[[ 86  72 162 223]]
189
[[ 83  65 164 226]]
190
[[ 84  66 164 226]]
191
[[ 84  63 165 225]]
192
[[ 85  63 166 225]]
193
[[ 84  63 165 226]]
193
[[ 87  70 163 223]]
194
[[ 84  63 165 225]]
195
[[  0 110  62 251]
 [ 85  64 166 225]]
196
[[  0 112  61 249]
 [ 86  64 167 226]]
197
[[  0 107  62 246]
 [ 85  62 167 225]]
197
[[ 88  68 165 221]]
198
[[  0 114  59 248]
 [ 85  63 166 225]]
199
[[  0 109  64 249]
 [ 87  65 167 225]]
200
[[  0 111  63 243]
 [ 87  64 168 226]]
201
[[ 88  64 169 225]]
201
[[ 91  70 167 222]]
202
[[ 88  62 169 225]]
203
[[ 89  62 171 226]]
203
[[ 91  67 168 221]]
204
[[  4 103  71 237]
 [ 90  62 171 224]]
205
[[  7 102  73 234]
 [ 91  63 172 225]]
206
[[ 90  62 172 225]]
206
[[ 93  68 170 221]]
207
[[  0 106 101 336]
 [ 89  60 171 223]]
208
[[  0 106  99 332]
 [ 90  61 172 224]]
209
[[  0 103 100 331]
 [ 90  62 171 224]]
209
[[  0 104 100 330]
 [ 92  67 169 221]]
210
[[  0 102 100 326]
 [ 89  60 171 223]]
211
[[  0 102 101 323]
 [ 90  60 172 223]]
212
[[  0 101 101 321]
 [ 88  60 170 224]]
212
[[  0 101 100 319]
 [ 92  66 169 219]]
213
[[  0  98 101 320]
 [ 88  62 170 225]]
214
[[  0  97 102 321]
 [ 88  62 169 225]]
215
[[  0  95 103 321]
 [ 88  65 168 225]]
216
[[  0  93 104 320]
 [ 88  64 169 225]]
216
[[  0  90 104 319]
 [ 91  68 167 220]]
217
[[  0  94 104 322]
 [ 89  64 169 224]]
218
[[  0  95 103 320]
 [ 88  64 168 225]]
219
[[  0  95 104 320]
 [ 88  64 168 224]]
219
[[  0  90 106 321]
 [ 90  68 167 222]]
220
[[  0  93 105 321]
 [ 88  65 168 225]]
221
[[  0  93 106 320]
 [ 88  65 168 224]]
221
[[  0  88 108 324]
 [ 91  69 167 221]]
222
[[  0  90 107 315]
 [ 87  65 167 225]]
223
[[  0  89 107 315]
 [ 87  65 167 225]]
224
[[  0  83 108 310]
 [ 86  64 167 225]]
225
[[  0  82 109 305]
 [ 85  63 167 226]]
226
[[  0  81 110 304]
 [ 86  65 166 226]]
226
[[  0  81 107 303]
 [ 89  70 165 222]]
227
[[  0  79 110 303]
 [ 86  65 167 226]]
228
[[  0  78 111 300]
 [ 86  67 166 226]]
229
[[  0  76 111 298]
 [ 85  65 165 226]]
230
[[  3  76 113 296]
 [ 86  67 165 225]]
230
[[  4  78 112 293]
 [ 92  74 166 221]]
231
[[  5  77 113 294]
 [ 85  66 165 225]]
232
[[  6  78 113 292]
 [ 85  66 165 225]]
233
[[  8  78 114 290]
 [ 85  67 164 225]]
233
[[ 10  80 114 288]
 [ 90  73 164 221]]
234
[[  8  78 114 289]
 [ 85  67 164 224]]
235
[[  9  77 115 289]
 [ 84  65 165 226]]
235
[[ 10  79 114 287]
 [ 91  73 165 221]]
235
[[ 11  81 113 285]
 [ 91  72 165 219]]
235
[[ 11  81 113 284]
 [ 90  71 165 221]]
235
[[ 12  82 114 285]
 [ 90  71 165 221]]
235
[[ 12  82 114 285]
 [ 91  71 166 220]]
235
[[ 12  82 114 285]
 [ 91  71 166 220]]
235
[[ 12  82 114 285]
 [ 91  71 166 220]]